{"col_nodes": [{"rankvar": 5, "group": [8.0, 8.0, 8.0, 8.0, 6.0, 3.0, 3.0, 2.0, 1.0, 1.0, 1.0], "ini": 9, "name": "Sub: 940", "rank": 3, "clust": 6}, {"rankvar": 1, "group": [4.0, 4.0, 4.0, 4.0, 3.0, 2.0, 2.0, 2.0, 1.0, 1.0, 1.0], "ini": 8, "name": "Sub: 8", "rank": 5, "clust": 3}, {"rankvar": 6, "group": [3.0, 3.0, 3.0, 3.0, 2.0, 1.0, 1.0, 1.0, 1.0, 1.0, 1.0], "ini": 7, "name": "Sub: 145", "rank": 0, "clust": 0}, {"rankvar": 0, "group": [9.0, 9.0, 9.0, 9.0, 7.0, 4.0, 3.0, 2.0, 1.0, 1.0, 1.0], "ini": 6, "name": "Sub: 35", "rank": 7, "clust": 5}, {"rankvar": 2, "group": [5.0, 5.0, 5.0, 5.0, 4.0, 2.0, 2.0, 2.0, 1.0, 1.0, 1.0], "ini": 5, "name": "Sub: 694", "rank": 6, "clust": 4}, {"rankvar": 7, "group": [6.0, 6.0, 6.0, 6.0, 5.0, 3.0, 3.0, 2.0, 1.0, 1.0, 1.0], "ini": 4, "name": "Sub: 795", "rank": 4, "clust": 7}, {"rankvar": 4, "group": [1.0, 1.0, 1.0, 1.0, 1.0, 1.0, 1.0, 1.0, 1.0, 1.0, 1.0], "ini": 3, "name": "Sub: 195", "rank": 2, "clust": 1}, {"rankvar": 3, "group": [7.0, 7.0, 7.0, 7.0, 5.0, 3.0, 3.0, 2.0, 1.0, 1.0, 1.0], "ini": 2, "name": "Sub: 75", "rank": 8, "clust": 8}, {"rankvar": 8, "group": [2.0, 2.0, 2.0, 2.0, 1.0, 1.0, 1.0, 1.0, 1.0, 1.0, 1.0], "ini": 1, "name": "Sub: 1076", "rank": 1, "clust": 2}], "row_nodes": [{"rankvar": 5, "group": [8.0, 8.0, 8.0, 8.0, 6.0, 3.0, 3.0, 2.0, 1.0, 1.0, 1.0], "ini": 9, "name": "Sub: 940", "rank": 3, "clust": 6}, {"rankvar": 1, "group": [4.0, 4.0, 4.0, 4.0, 3.0, 2.0, 2.0, 2.0, 1.0, 1.0, 1.0], "ini": 8, "name": "Sub: 8", "rank": 5, "clust": 3}, {"rankvar": 6, "group": [3.0, 3.0, 3.0, 3.0, 2.0, 1.0, 1.0, 1.0, 1.0, 1.0, 1.0], "ini": 7, "name": "Sub: 145", "rank": 0, "clust": 0}, {"rankvar": 0, "group": [9.0, 9.0, 9.0, 9.0, 7.0, 4.0, 3.0, 2.0, 1.0, 1.0, 1.0], "ini": 6, "name": "Sub: 35", "rank": 7, "clust": 5}, {"rankvar": 2, "group": [5.0, 5.0, 5.0, 5.0, 4.0, 2.0, 2.0, 2.0, 1.0, 1.0, 1.0], "ini": 5, "name": "Sub: 694", "rank": 6, "clust": 4}, {"rankvar": 7, "group": [6.0, 6.0, 6.0, 6.0, 5.0, 3.0, 3.0, 2.0, 1.0, 1.0, 1.0], "ini": 4, "name": "Sub: 795", "rank": 4, "clust": 7}, {"rankvar": 4, "group": [1.0, 1.0, 1.0, 1.0, 1.0, 1.0, 1.0, 1.0, 1.0, 1.0, 1.0], "ini": 3, "name": "Sub: 195", "rank": 2, "clust": 1}, {"rankvar": 3, "group": [7.0, 7.0, 7.0, 7.0, 5.0, 3.0, 3.0, 2.0, 1.0, 1.0, 1.0], "ini": 2, "name": "Sub: 75", "rank": 8, "clust": 8}, {"rankvar": 8, "group": [2.0, 2.0, 2.0, 2.0, 1.0, 1.0, 1.0, 1.0, 1.0, 1.0, 1.0], "ini": 1, "name": "Sub: 1076", "rank": 1, "clust": 2}], "mat": [[1.0, -0.25782632118459725, 0.0, 0.0, -0.24415367602639648, 0.0, -0.22334274095887974, 0.14670329350404576, -0.5065588620156003], [-0.25782632118459725, 1.0, -0.28592457749133415, -0.17559598957367362, 0.0, 0.0, -0.11047022773208015, -0.14856057669421774, 0.0], [0.0, -0.28592457749133415, 1.0, -0.18686708839255428, -0.2729599565906484, -0.47946940653809644, 0.0, -0.1928318741397259, 0.15894522519476162], [0.0, -0.17559598957367362, -0.18686708839255428, 1.0, 0.0, 0.0, -0.2168829701102919, -0.11553619566133166, -0.1364308810891124], [-0.24415367602639648, 0.0, -0.2729599565906484, 0.0, 1.0, 0.0, -0.26326588864459843, -0.10886604399323896, 0.0], [0.0, 0.0, -0.47946940653809644, 0.0, 0.0, 1.0, -0.22736562108031455, 0.16568418420109743, -0.44883121252837554], [-0.22334274095887974, -0.11047022773208015, 0.0, -0.2168829701102919, -0.26326588864459843, -0.22736562108031455, 1.0, -0.21261988577286006, 0.16633915981736314], [0.14670329350404576, -0.14856057669421774, -0.1928318741397259, -0.11553619566133166, -0.10886604399323896, 0.16568418420109743, -0.21261988577286006, 1.0, -0.34277491403776894], [-0.5065588620156003, 0.0, 0.15894522519476162, -0.1364308810891124, 0.0, -0.44883121252837554, 0.16633915981736314, -0.34277491403776894, 1.0]], "views": [{"dist": "cos", "nodes": {"col_nodes": [{"rankvar": 5, "group": [8.0, 8.0, 8.0, 8.0, 6.0, 3.0, 3.0, 2.0, 1.0, 1.0, 1.0], "ini": 9, "name": "Sub: 940", "rank": 3, "clust": 6}, {"rankvar": 1, "group": [4.0, 4.0, 4.0, 4.0, 3.0, 2.0, 2.0, 2.0, 1.0, 1.0, 1.0], "ini": 8, "name": "Sub: 8", "rank": 5, "clust": 3}, {"rankvar": 6, "group": [3.0, 3.0, 3.0, 3.0, 2.0, 1.0, 1.0, 1.0, 1.0, 1.0, 1.0], "ini": 7, "name": "Sub: 145", "rank": 0, "clust": 0}, {"rankvar": 0, "group": [9.0, 9.0, 9.0, 9.0, 7.0, 4.0, 3.0, 2.0, 1.0, 1.0, 1.0], "ini": 6, "name": "Sub: 35", "rank": 7, "clust": 5}, {"rankvar": 2, "group": [5.0, 5.0, 5.0, 5.0, 4.0, 2.0, 2.0, 2.0, 1.0, 1.0, 1.0], "ini": 5, "name": "Sub: 694", "rank": 6, "clust": 4}, {"rankvar": 7, "group": [6.0, 6.0, 6.0, 6.0, 5.0, 3.0, 3.0, 2.0, 1.0, 1.0, 1.0], "ini": 4, "name": "Sub: 795", "rank": 4, "clust": 7}, {"rankvar": 4, "group": [1.0, 1.0, 1.0, 1.0, 1.0, 1.0, 1.0, 1.0, 1.0, 1.0, 1.0], "ini": 3, "name": "Sub: 195", "rank": 2, "clust": 1}, {"rankvar": 3, "group": [7.0, 7.0, 7.0, 7.0, 5.0, 3.0, 3.0, 2.0, 1.0, 1.0, 1.0], "ini": 2, "name": "Sub: 75", "rank": 8, "clust": 8}, {"rankvar": 8, "group": [2.0, 2.0, 2.0, 2.0, 1.0, 1.0, 1.0, 1.0, 1.0, 1.0, 1.0], "ini": 1, "name": "Sub: 1076", "rank": 1, "clust": 2}], "row_nodes": [{"rankvar": 5, "group": [8.0, 8.0, 8.0, 8.0, 6.0, 3.0, 3.0, 2.0, 1.0, 1.0, 1.0], "ini": 9, "name": "Sub: 940", "rank": 3, "clust": 6}, {"rankvar": 1, "group": [4.0, 4.0, 4.0, 4.0, 3.0, 2.0, 2.0, 2.0, 1.0, 1.0, 1.0], "ini": 8, "name": "Sub: 8", "rank": 5, "clust": 3}, {"rankvar": 6, "group": [3.0, 3.0, 3.0, 3.0, 2.0, 1.0, 1.0, 1.0, 1.0, 1.0, 1.0], "ini": 7, "name": "Sub: 145", "rank": 0, "clust": 0}, {"rankvar": 0, "group": [9.0, 9.0, 9.0, 9.0, 7.0, 4.0, 3.0, 2.0, 1.0, 1.0, 1.0], "ini": 6, "name": "Sub: 35", "rank": 7, "clust": 5}, {"rankvar": 2, "group": [5.0, 5.0, 5.0, 5.0, 4.0, 2.0, 2.0, 2.0, 1.0, 1.0, 1.0], "ini": 5, "name": "Sub: 694", "rank": 6, "clust": 4}, {"rankvar": 7, "group": [6.0, 6.0, 6.0, 6.0, 5.0, 3.0, 3.0, 2.0, 1.0, 1.0, 1.0], "ini": 4, "name": "Sub: 795", "rank": 4, "clust": 7}, {"rankvar": 4, "group": [1.0, 1.0, 1.0, 1.0, 1.0, 1.0, 1.0, 1.0, 1.0, 1.0, 1.0], "ini": 3, "name": "Sub: 195", "rank": 2, "clust": 1}, {"rankvar": 3, "group": [7.0, 7.0, 7.0, 7.0, 5.0, 3.0, 3.0, 2.0, 1.0, 1.0, 1.0], "ini": 2, "name": "Sub: 75", "rank": 8, "clust": 8}, {"rankvar": 8, "group": [2.0, 2.0, 2.0, 2.0, 1.0, 1.0, 1.0, 1.0, 1.0, 1.0, 1.0], "ini": 1, "name": "Sub: 1076", "rank": 1, "clust": 2}]}, "N_row_sum": "all"}], "links": [], "cat_colors": {"col": {}, "row": {}}}