{"links": [], "views": [{"dist": "cos", "nodes": {"col_nodes": [{"ini": 31, "group": [13.0, 2.0, 2.0, 2.0, 2.0, 2.0, 2.0, 1.0, 1.0, 1.0, 1.0], "clust": 11, "name": "ctx-lh-caudalanteriorcingulate", "rank": 21, "rankvar": 14}, {"ini": 30, "group": [22.0, 2.0, 2.0, 2.0, 2.0, 2.0, 2.0, 1.0, 1.0, 1.0, 1.0], "clust": 25, "name": "ctx-lh-caudalmiddlefrontal", "rank": 22, "rankvar": 6}, {"ini": 29, "group": [8.0, 2.0, 2.0, 2.0, 2.0, 2.0, 2.0, 1.0, 1.0, 1.0, 1.0], "clust": 8, "name": "ctx-lh-cuneus", "rank": 11, "rankvar": 15}, {"ini": 28, "group": [6.0, 2.0, 2.0, 2.0, 2.0, 2.0, 2.0, 1.0, 1.0, 1.0, 1.0], "clust": 6, "name": "ctx-lh-entorhinal", "rank": 10, "rankvar": 21}, {"ini": 27, "group": [28.0, 2.0, 2.0, 2.0, 2.0, 2.0, 2.0, 1.0, 1.0, 1.0, 1.0], "clust": 28, "name": "ctx-lh-fusiform", "rank": 24, "rankvar": 7}, {"ini": 26, "group": [23.0, 2.0, 2.0, 2.0, 2.0, 2.0, 2.0, 1.0, 1.0, 1.0, 1.0], "clust": 26, "name": "ctx-lh-inferiorparietal", "rank": 16, "rankvar": 4}, {"ini": 25, "group": [26.0, 2.0, 2.0, 2.0, 2.0, 2.0, 2.0, 1.0, 1.0, 1.0, 1.0], "clust": 29, "name": "ctx-lh-inferiortemporal", "rank": 17, "rankvar": 9}, {"ini": 24, "group": [10.0, 2.0, 2.0, 2.0, 2.0, 2.0, 2.0, 1.0, 1.0, 1.0, 1.0], "clust": 13, "name": "ctx-lh-isthmuscingulate", "rank": 23, "rankvar": 24}, {"ini": 23, "group": [1.0, 1.0, 1.0, 1.0, 1.0, 1.0, 1.0, 1.0, 1.0, 1.0, 1.0], "clust": 1, "name": "ctx-lh-lateraloccipital", "rank": 1, "rankvar": 28}, {"ini": 22, "group": [15.0, 2.0, 2.0, 2.0, 2.0, 2.0, 2.0, 1.0, 1.0, 1.0, 1.0], "clust": 16, "name": "ctx-lh-lateralorbitofrontal", "rank": 15, "rankvar": 0}, {"ini": 21, "group": [9.0, 2.0, 2.0, 2.0, 2.0, 2.0, 2.0, 1.0, 1.0, 1.0, 1.0], "clust": 9, "name": "ctx-lh-lingual", "rank": 19, "rankvar": 11}, {"ini": 20, "group": [7.0, 2.0, 2.0, 2.0, 2.0, 2.0, 2.0, 1.0, 1.0, 1.0, 1.0], "clust": 7, "name": "ctx-lh-medialorbitofrontal", "rank": 9, "rankvar": 13}, {"ini": 19, "group": [27.0, 2.0, 2.0, 2.0, 2.0, 2.0, 2.0, 1.0, 1.0, 1.0, 1.0], "clust": 30, "name": "ctx-lh-middletemporal", "rank": 14, "rankvar": 10}, {"ini": 18, "group": [12.0, 2.0, 2.0, 2.0, 2.0, 2.0, 2.0, 1.0, 1.0, 1.0, 1.0], "clust": 12, "name": "ctx-lh-parahippocampal", "rank": 26, "rankvar": 16}, {"ini": 17, "group": [14.0, 2.0, 2.0, 2.0, 2.0, 2.0, 2.0, 1.0, 1.0, 1.0, 1.0], "clust": 10, "name": "ctx-lh-paracentral", "rank": 27, "rankvar": 12}, {"ini": 16, "group": [20.0, 2.0, 2.0, 2.0, 2.0, 2.0, 2.0, 1.0, 1.0, 1.0, 1.0], "clust": 22, "name": "ctx-lh-parsopercularis", "rank": 28, "rankvar": 19}, {"ini": 15, "group": [17.0, 2.0, 2.0, 2.0, 2.0, 2.0, 2.0, 1.0, 1.0, 1.0, 1.0], "clust": 15, "name": "ctx-lh-parsorbitalis", "rank": 12, "rankvar": 1}, {"ini": 14, "group": [21.0, 2.0, 2.0, 2.0, 2.0, 2.0, 2.0, 1.0, 1.0, 1.0, 1.0], "clust": 23, "name": "ctx-lh-parstriangularis", "rank": 30, "rankvar": 2}, {"ini": 13, "group": [4.0, 2.0, 2.0, 2.0, 2.0, 2.0, 2.0, 1.0, 1.0, 1.0, 1.0], "clust": 4, "name": "ctx-lh-pericalcarine", "rank": 8, "rankvar": 25}, {"ini": 12, "group": [29.0, 2.0, 2.0, 2.0, 2.0, 2.0, 2.0, 1.0, 1.0, 1.0, 1.0], "clust": 27, "name": "ctx-lh-postcentral", "rank": 13, "rankvar": 17}, {"ini": 11, "group": [11.0, 2.0, 2.0, 2.0, 2.0, 2.0, 2.0, 1.0, 1.0, 1.0, 1.0], "clust": 14, "name": "ctx-lh-posteriorcingulate", "rank": 25, "rankvar": 18}, {"ini": 10, "group": [18.0, 2.0, 2.0, 2.0, 2.0, 2.0, 2.0, 1.0, 1.0, 1.0, 1.0], "clust": 19, "name": "ctx-lh-precentral", "rank": 5, "rankvar": 23}, {"ini": 9, "group": [24.0, 2.0, 2.0, 2.0, 2.0, 2.0, 2.0, 1.0, 1.0, 1.0, 1.0], "clust": 24, "name": "ctx-lh-precuneus", "rank": 29, "rankvar": 8}, {"ini": 8, "group": [16.0, 2.0, 2.0, 2.0, 2.0, 2.0, 2.0, 1.0, 1.0, 1.0, 1.0], "clust": 17, "name": "ctx-lh-rostralanteriorcingulate", "rank": 20, "rankvar": 5}, {"ini": 7, "group": [2.0, 1.0, 1.0, 1.0, 1.0, 1.0, 1.0, 1.0, 1.0, 1.0, 1.0], "clust": 2, "name": "ctx-lh-rostralmiddlefrontal", "rank": 2, "rankvar": 22}, {"ini": 6, "group": [3.0, 1.0, 1.0, 1.0, 1.0, 1.0, 1.0, 1.0, 1.0, 1.0, 1.0], "clust": 0, "name": "ctx-lh-superiorfrontal", "rank": 0, "rankvar": 30}, {"ini": 5, "group": [30.0, 2.0, 2.0, 2.0, 2.0, 2.0, 2.0, 1.0, 1.0, 1.0, 1.0], "clust": 18, "name": "ctx-lh-superiorparietal", "rank": 7, "rankvar": 3}, {"ini": 4, "group": [25.0, 2.0, 2.0, 2.0, 2.0, 2.0, 2.0, 1.0, 1.0, 1.0, 1.0], "clust": 21, "name": "ctx-lh-superiortemporal", "rank": 18, "rankvar": 20}, {"ini": 3, "group": [19.0, 2.0, 2.0, 2.0, 2.0, 2.0, 2.0, 1.0, 1.0, 1.0, 1.0], "clust": 20, "name": "ctx-lh-supramarginal", "rank": 6, "rankvar": 26}, {"ini": 2, "group": [5.0, 2.0, 2.0, 2.0, 2.0, 2.0, 2.0, 1.0, 1.0, 1.0, 1.0], "clust": 5, "name": "ctx-lh-transversetemporal", "rank": 4, "rankvar": 27}, {"ini": 1, "group": [31.0, 3.0, 2.0, 2.0, 2.0, 2.0, 2.0, 1.0, 1.0, 1.0, 1.0], "clust": 3, "name": "ctx-lh-insula", "rank": 3, "rankvar": 29}], "row_nodes": [{"ini": 31, "group": [13.0, 2.0, 2.0, 2.0, 2.0, 2.0, 2.0, 1.0, 1.0, 1.0, 1.0], "clust": 11, "name": "ctx-lh-caudalanteriorcingulate", "rank": 21, "rankvar": 14}, {"ini": 30, "group": [22.0, 2.0, 2.0, 2.0, 2.0, 2.0, 2.0, 1.0, 1.0, 1.0, 1.0], "clust": 25, "name": "ctx-lh-caudalmiddlefrontal", "rank": 22, "rankvar": 6}, {"ini": 29, "group": [8.0, 2.0, 2.0, 2.0, 2.0, 2.0, 2.0, 1.0, 1.0, 1.0, 1.0], "clust": 8, "name": "ctx-lh-cuneus", "rank": 11, "rankvar": 15}, {"ini": 28, "group": [6.0, 2.0, 2.0, 2.0, 2.0, 2.0, 2.0, 1.0, 1.0, 1.0, 1.0], "clust": 6, "name": "ctx-lh-entorhinal", "rank": 10, "rankvar": 21}, {"ini": 27, "group": [28.0, 2.0, 2.0, 2.0, 2.0, 2.0, 2.0, 1.0, 1.0, 1.0, 1.0], "clust": 28, "name": "ctx-lh-fusiform", "rank": 24, "rankvar": 7}, {"ini": 26, "group": [23.0, 2.0, 2.0, 2.0, 2.0, 2.0, 2.0, 1.0, 1.0, 1.0, 1.0], "clust": 26, "name": "ctx-lh-inferiorparietal", "rank": 16, "rankvar": 4}, {"ini": 25, "group": [26.0, 2.0, 2.0, 2.0, 2.0, 2.0, 2.0, 1.0, 1.0, 1.0, 1.0], "clust": 29, "name": "ctx-lh-inferiortemporal", "rank": 17, "rankvar": 9}, {"ini": 24, "group": [10.0, 2.0, 2.0, 2.0, 2.0, 2.0, 2.0, 1.0, 1.0, 1.0, 1.0], "clust": 13, "name": "ctx-lh-isthmuscingulate", "rank": 23, "rankvar": 24}, {"ini": 23, "group": [1.0, 1.0, 1.0, 1.0, 1.0, 1.0, 1.0, 1.0, 1.0, 1.0, 1.0], "clust": 1, "name": "ctx-lh-lateraloccipital", "rank": 1, "rankvar": 28}, {"ini": 22, "group": [15.0, 2.0, 2.0, 2.0, 2.0, 2.0, 2.0, 1.0, 1.0, 1.0, 1.0], "clust": 16, "name": "ctx-lh-lateralorbitofrontal", "rank": 15, "rankvar": 0}, {"ini": 21, "group": [9.0, 2.0, 2.0, 2.0, 2.0, 2.0, 2.0, 1.0, 1.0, 1.0, 1.0], "clust": 9, "name": "ctx-lh-lingual", "rank": 19, "rankvar": 11}, {"ini": 20, "group": [7.0, 2.0, 2.0, 2.0, 2.0, 2.0, 2.0, 1.0, 1.0, 1.0, 1.0], "clust": 7, "name": "ctx-lh-medialorbitofrontal", "rank": 9, "rankvar": 13}, {"ini": 19, "group": [27.0, 2.0, 2.0, 2.0, 2.0, 2.0, 2.0, 1.0, 1.0, 1.0, 1.0], "clust": 30, "name": "ctx-lh-middletemporal", "rank": 14, "rankvar": 10}, {"ini": 18, "group": [12.0, 2.0, 2.0, 2.0, 2.0, 2.0, 2.0, 1.0, 1.0, 1.0, 1.0], "clust": 12, "name": "ctx-lh-parahippocampal", "rank": 26, "rankvar": 16}, {"ini": 17, "group": [14.0, 2.0, 2.0, 2.0, 2.0, 2.0, 2.0, 1.0, 1.0, 1.0, 1.0], "clust": 10, "name": "ctx-lh-paracentral", "rank": 27, "rankvar": 12}, {"ini": 16, "group": [20.0, 2.0, 2.0, 2.0, 2.0, 2.0, 2.0, 1.0, 1.0, 1.0, 1.0], "clust": 22, "name": "ctx-lh-parsopercularis", "rank": 28, "rankvar": 19}, {"ini": 15, "group": [17.0, 2.0, 2.0, 2.0, 2.0, 2.0, 2.0, 1.0, 1.0, 1.0, 1.0], "clust": 15, "name": "ctx-lh-parsorbitalis", "rank": 12, "rankvar": 1}, {"ini": 14, "group": [21.0, 2.0, 2.0, 2.0, 2.0, 2.0, 2.0, 1.0, 1.0, 1.0, 1.0], "clust": 23, "name": "ctx-lh-parstriangularis", "rank": 30, "rankvar": 2}, {"ini": 13, "group": [4.0, 2.0, 2.0, 2.0, 2.0, 2.0, 2.0, 1.0, 1.0, 1.0, 1.0], "clust": 4, "name": "ctx-lh-pericalcarine", "rank": 8, "rankvar": 25}, {"ini": 12, "group": [29.0, 2.0, 2.0, 2.0, 2.0, 2.0, 2.0, 1.0, 1.0, 1.0, 1.0], "clust": 27, "name": "ctx-lh-postcentral", "rank": 13, "rankvar": 17}, {"ini": 11, "group": [11.0, 2.0, 2.0, 2.0, 2.0, 2.0, 2.0, 1.0, 1.0, 1.0, 1.0], "clust": 14, "name": "ctx-lh-posteriorcingulate", "rank": 25, "rankvar": 18}, {"ini": 10, "group": [18.0, 2.0, 2.0, 2.0, 2.0, 2.0, 2.0, 1.0, 1.0, 1.0, 1.0], "clust": 19, "name": "ctx-lh-precentral", "rank": 5, "rankvar": 23}, {"ini": 9, "group": [24.0, 2.0, 2.0, 2.0, 2.0, 2.0, 2.0, 1.0, 1.0, 1.0, 1.0], "clust": 24, "name": "ctx-lh-precuneus", "rank": 29, "rankvar": 8}, {"ini": 8, "group": [16.0, 2.0, 2.0, 2.0, 2.0, 2.0, 2.0, 1.0, 1.0, 1.0, 1.0], "clust": 17, "name": "ctx-lh-rostralanteriorcingulate", "rank": 20, "rankvar": 5}, {"ini": 7, "group": [2.0, 1.0, 1.0, 1.0, 1.0, 1.0, 1.0, 1.0, 1.0, 1.0, 1.0], "clust": 2, "name": "ctx-lh-rostralmiddlefrontal", "rank": 2, "rankvar": 22}, {"ini": 6, "group": [3.0, 1.0, 1.0, 1.0, 1.0, 1.0, 1.0, 1.0, 1.0, 1.0, 1.0], "clust": 0, "name": "ctx-lh-superiorfrontal", "rank": 0, "rankvar": 30}, {"ini": 5, "group": [30.0, 2.0, 2.0, 2.0, 2.0, 2.0, 2.0, 1.0, 1.0, 1.0, 1.0], "clust": 18, "name": "ctx-lh-superiorparietal", "rank": 7, "rankvar": 3}, {"ini": 4, "group": [25.0, 2.0, 2.0, 2.0, 2.0, 2.0, 2.0, 1.0, 1.0, 1.0, 1.0], "clust": 21, "name": "ctx-lh-superiortemporal", "rank": 18, "rankvar": 20}, {"ini": 3, "group": [19.0, 2.0, 2.0, 2.0, 2.0, 2.0, 2.0, 1.0, 1.0, 1.0, 1.0], "clust": 20, "name": "ctx-lh-supramarginal", "rank": 6, "rankvar": 26}, {"ini": 2, "group": [5.0, 2.0, 2.0, 2.0, 2.0, 2.0, 2.0, 1.0, 1.0, 1.0, 1.0], "clust": 5, "name": "ctx-lh-transversetemporal", "rank": 4, "rankvar": 27}, {"ini": 1, "group": [31.0, 3.0, 2.0, 2.0, 2.0, 2.0, 2.0, 1.0, 1.0, 1.0, 1.0], "clust": 3, "name": "ctx-lh-insula", "rank": 3, "rankvar": 29}]}, "N_row_sum": "all"}, {"dist": "cos", "nodes": {"col_nodes": [{"ini": 31, "group": [13.0, 3.0, 3.0, 2.0, 2.0, 2.0, 2.0, 2.0, 1.0, 1.0, 1.0], "clust": 16, "name": "ctx-lh-caudalanteriorcingulate", "rank": 22, "rankvar": 25}, {"ini": 30, "group": [24.0, 3.0, 3.0, 2.0, 2.0, 2.0, 2.0, 2.0, 1.0, 1.0, 1.0], "clust": 24, "name": "ctx-lh-caudalmiddlefrontal", "rank": 21, "rankvar": 26}, {"ini": 29, "group": [8.0, 3.0, 3.0, 2.0, 2.0, 2.0, 2.0, 2.0, 1.0, 1.0, 1.0], "clust": 10, "name": "ctx-lh-cuneus", "rank": 11, "rankvar": 20}, {"ini": 28, "group": [3.0, 3.0, 3.0, 2.0, 2.0, 2.0, 2.0, 2.0, 1.0, 1.0, 1.0], "clust": 5, "name": "ctx-lh-entorhinal", "rank": 10, "rankvar": 11}, {"ini": 27, "group": [28.0, 3.0, 3.0, 2.0, 2.0, 2.0, 2.0, 2.0, 1.0, 1.0, 1.0], "clust": 28, "name": "ctx-lh-fusiform", "rank": 23, "rankvar": 7}, {"ini": 26, "group": [19.0, 3.0, 3.0, 2.0, 2.0, 2.0, 2.0, 2.0, 1.0, 1.0, 1.0], "clust": 21, "name": "ctx-lh-inferiorparietal", "rank": 14, "rankvar": 29}, {"ini": 25, "group": [26.0, 3.0, 3.0, 2.0, 2.0, 2.0, 2.0, 2.0, 1.0, 1.0, 1.0], "clust": 29, "name": "ctx-lh-inferiortemporal", "rank": 16, "rankvar": 21}, {"ini": 24, "group": [10.0, 3.0, 3.0, 2.0, 2.0, 2.0, 2.0, 2.0, 1.0, 1.0, 1.0], "clust": 13, "name": "ctx-lh-isthmuscingulate", "rank": 24, "rankvar": 24}, {"ini": 23, "group": [1.0, 1.0, 1.0, 1.0, 1.0, 1.0, 1.0, 1.0, 1.0, 1.0, 1.0], "clust": 0, "name": "ctx-lh-lateraloccipital", "rank": 1, "rankvar": 0}, {"ini": 22, "group": [16.0, 3.0, 3.0, 2.0, 2.0, 2.0, 2.0, 2.0, 1.0, 1.0, 1.0], "clust": 4, "name": "ctx-lh-lateralorbitofrontal", "rank": 15, "rankvar": 4}, {"ini": 21, "group": [9.0, 3.0, 3.0, 2.0, 2.0, 2.0, 2.0, 2.0, 1.0, 1.0, 1.0], "clust": 11, "name": "ctx-lh-lingual", "rank": 20, "rankvar": 17}, {"ini": 20, "group": [15.0, 3.0, 3.0, 2.0, 2.0, 2.0, 2.0, 2.0, 1.0, 1.0, 1.0], "clust": 15, "name": "ctx-lh-medialorbitofrontal", "rank": 9, "rankvar": 19}, {"ini": 19, "group": [27.0, 3.0, 3.0, 2.0, 2.0, 2.0, 2.0, 2.0, 1.0, 1.0, 1.0], "clust": 30, "name": "ctx-lh-middletemporal", "rank": 17, "rankvar": 15}, {"ini": 18, "group": [12.0, 3.0, 3.0, 2.0, 2.0, 2.0, 2.0, 2.0, 1.0, 1.0, 1.0], "clust": 12, "name": "ctx-lh-parahippocampal", "rank": 26, "rankvar": 12}, {"ini": 17, "group": [5.0, 3.0, 3.0, 2.0, 2.0, 2.0, 2.0, 2.0, 1.0, 1.0, 1.0], "clust": 8, "name": "ctx-lh-paracentral", "rank": 28, "rankvar": 14}, {"ini": 16, "group": [22.0, 3.0, 3.0, 2.0, 2.0, 2.0, 2.0, 2.0, 1.0, 1.0, 1.0], "clust": 25, "name": "ctx-lh-parsopercularis", "rank": 30, "rankvar": 13}, {"ini": 15, "group": [4.0, 3.0, 3.0, 2.0, 2.0, 2.0, 2.0, 2.0, 1.0, 1.0, 1.0], "clust": 6, "name": "ctx-lh-parsorbitalis", "rank": 12, "rankvar": 18}, {"ini": 14, "group": [23.0, 3.0, 3.0, 2.0, 2.0, 2.0, 2.0, 2.0, 1.0, 1.0, 1.0], "clust": 26, "name": "ctx-lh-parstriangularis", "rank": 29, "rankvar": 5}, {"ini": 13, "group": [7.0, 3.0, 3.0, 2.0, 2.0, 2.0, 2.0, 2.0, 1.0, 1.0, 1.0], "clust": 7, "name": "ctx-lh-pericalcarine", "rank": 8, "rankvar": 22}, {"ini": 12, "group": [29.0, 3.0, 3.0, 2.0, 2.0, 2.0, 2.0, 2.0, 1.0, 1.0, 1.0], "clust": 27, "name": "ctx-lh-postcentral", "rank": 13, "rankvar": 6}, {"ini": 11, "group": [11.0, 3.0, 3.0, 2.0, 2.0, 2.0, 2.0, 2.0, 1.0, 1.0, 1.0], "clust": 14, "name": "ctx-lh-posteriorcingulate", "rank": 27, "rankvar": 8}, {"ini": 10, "group": [17.0, 3.0, 3.0, 2.0, 2.0, 2.0, 2.0, 2.0, 1.0, 1.0, 1.0], "clust": 18, "name": "ctx-lh-precentral", "rank": 5, "rankvar": 27}, {"ini": 9, "group": [21.0, 3.0, 3.0, 2.0, 2.0, 2.0, 2.0, 2.0, 1.0, 1.0, 1.0], "clust": 20, "name": "ctx-lh-precuneus", "rank": 25, "rankvar": 9}, {"ini": 8, "group": [14.0, 3.0, 3.0, 2.0, 2.0, 2.0, 2.0, 2.0, 1.0, 1.0, 1.0], "clust": 17, "name": "ctx-lh-rostralanteriorcingulate", "rank": 19, "rankvar": 23}, {"ini": 7, "group": [31.0, 4.0, 4.0, 3.0, 2.0, 2.0, 2.0, 2.0, 1.0, 1.0, 1.0], "clust": 2, "name": "ctx-lh-rostralmiddlefrontal", "rank": 2, "rankvar": 10}, {"ini": 6, "group": [2.0, 2.0, 2.0, 1.0, 1.0, 1.0, 1.0, 1.0, 1.0, 1.0, 1.0], "clust": 1, "name": "ctx-lh-superiorfrontal", "rank": 0, "rankvar": 1}, {"ini": 5, "group": [20.0, 3.0, 3.0, 2.0, 2.0, 2.0, 2.0, 2.0, 1.0, 1.0, 1.0], "clust": 22, "name": "ctx-lh-superiorparietal", "rank": 6, "rankvar": 16}, {"ini": 4, "group": [25.0, 3.0, 3.0, 2.0, 2.0, 2.0, 2.0, 2.0, 1.0, 1.0, 1.0], "clust": 23, "name": "ctx-lh-superiortemporal", "rank": 18, "rankvar": 28}, {"ini": 3, "group": [18.0, 3.0, 3.0, 2.0, 2.0, 2.0, 2.0, 2.0, 1.0, 1.0, 1.0], "clust": 19, "name": "ctx-lh-supramarginal", "rank": 7, "rankvar": 30}, {"ini": 2, "group": [6.0, 3.0, 3.0, 2.0, 2.0, 2.0, 2.0, 2.0, 1.0, 1.0, 1.0], "clust": 9, "name": "ctx-lh-transversetemporal", "rank": 4, "rankvar": 3}, {"ini": 1, "group": [30.0, 3.0, 3.0, 2.0, 2.0, 2.0, 2.0, 2.0, 1.0, 1.0, 1.0], "clust": 3, "name": "ctx-lh-insula", "rank": 3, "rankvar": 2}], "row_nodes": [{"ini": 20, "group": [11.0, 7.0, 4.0, 2.0, 2.0, 2.0, 1.0, 1.0, 1.0, 1.0, 1.0], "clust": 11, "name": "ctx-lh-parstriangularis", "rank": 19, "rankvar": 2}, {"ini": 19, "group": [15.0, 9.0, 4.0, 2.0, 2.0, 2.0, 1.0, 1.0, 1.0, 1.0, 1.0], "clust": 13, "name": "ctx-lh-precuneus", "rank": 18, "rankvar": 7}, {"ini": 18, "group": [12.0, 7.0, 4.0, 2.0, 2.0, 2.0, 1.0, 1.0, 1.0, 1.0, 1.0], "clust": 12, "name": "ctx-lh-parsopercularis", "rank": 17, "rankvar": 17}, {"ini": 17, "group": [7.0, 3.0, 1.0, 1.0, 1.0, 1.0, 1.0, 1.0, 1.0, 1.0, 1.0], "clust": 2, "name": "ctx-lh-paracentral", "rank": 16, "rankvar": 11}, {"ini": 16, "group": [5.0, 2.0, 1.0, 1.0, 1.0, 1.0, 1.0, 1.0, 1.0, 1.0, 1.0], "clust": 4, "name": "ctx-lh-parahippocampal", "rank": 15, "rankvar": 14}, {"ini": 15, "group": [3.0, 2.0, 1.0, 1.0, 1.0, 1.0, 1.0, 1.0, 1.0, 1.0, 1.0], "clust": 5, "name": "ctx-lh-posteriorcingulate", "rank": 14, "rankvar": 16}, {"ini": 14, "group": [19.0, 12.0, 5.0, 3.0, 2.0, 2.0, 1.0, 1.0, 1.0, 1.0, 1.0], "clust": 17, "name": "ctx-lh-fusiform", "rank": 13, "rankvar": 6}, {"ini": 13, "group": [4.0, 2.0, 1.0, 1.0, 1.0, 1.0, 1.0, 1.0, 1.0, 1.0, 1.0], "clust": 6, "name": "ctx-lh-isthmuscingulate", "rank": 12, "rankvar": 19}, {"ini": 12, "group": [13.0, 8.0, 4.0, 2.0, 2.0, 2.0, 1.0, 1.0, 1.0, 1.0, 1.0], "clust": 14, "name": "ctx-lh-caudalmiddlefrontal", "rank": 11, "rankvar": 5}, {"ini": 11, "group": [6.0, 2.0, 1.0, 1.0, 1.0, 1.0, 1.0, 1.0, 1.0, 1.0, 1.0], "clust": 3, "name": "ctx-lh-caudalanteriorcingulate", "rank": 10, "rankvar": 12}, {"ini": 10, "group": [8.0, 4.0, 2.0, 1.0, 1.0, 1.0, 1.0, 1.0, 1.0, 1.0, 1.0], "clust": 8, "name": "ctx-lh-rostralanteriorcingulate", "rank": 9, "rankvar": 4}, {"ini": 9, "group": [1.0, 1.0, 1.0, 1.0, 1.0, 1.0, 1.0, 1.0, 1.0, 1.0, 1.0], "clust": 0, "name": "ctx-lh-lingual", "rank": 8, "rankvar": 10}, {"ini": 8, "group": [16.0, 10.0, 4.0, 2.0, 2.0, 2.0, 1.0, 1.0, 1.0, 1.0, 1.0], "clust": 10, "name": "ctx-lh-superiortemporal", "rank": 7, "rankvar": 18}, {"ini": 7, "group": [17.0, 11.0, 5.0, 3.0, 2.0, 2.0, 1.0, 1.0, 1.0, 1.0, 1.0], "clust": 18, "name": "ctx-lh-inferiortemporal", "rank": 6, "rankvar": 8}, {"ini": 6, "group": [14.0, 8.0, 4.0, 2.0, 2.0, 2.0, 1.0, 1.0, 1.0, 1.0, 1.0], "clust": 15, "name": "ctx-lh-inferiorparietal", "rank": 5, "rankvar": 3}, {"ini": 5, "group": [9.0, 5.0, 2.0, 1.0, 1.0, 1.0, 1.0, 1.0, 1.0, 1.0, 1.0], "clust": 9, "name": "ctx-lh-lateralorbitofrontal", "rank": 4, "rankvar": 0}, {"ini": 4, "group": [18.0, 11.0, 5.0, 3.0, 2.0, 2.0, 1.0, 1.0, 1.0, 1.0, 1.0], "clust": 19, "name": "ctx-lh-middletemporal", "rank": 3, "rankvar": 9}, {"ini": 3, "group": [20.0, 13.0, 6.0, 3.0, 2.0, 2.0, 1.0, 1.0, 1.0, 1.0, 1.0], "clust": 16, "name": "ctx-lh-postcentral", "rank": 2, "rankvar": 15}, {"ini": 2, "group": [10.0, 6.0, 3.0, 1.0, 1.0, 1.0, 1.0, 1.0, 1.0, 1.0, 1.0], "clust": 7, "name": "ctx-lh-parsorbitalis", "rank": 1, "rankvar": 1}, {"ini": 1, "group": [2.0, 1.0, 1.0, 1.0, 1.0, 1.0, 1.0, 1.0, 1.0, 1.0, 1.0], "clust": 1, "name": "ctx-lh-cuneus", "rank": 0, "rankvar": 13}]}, "N_row_sum": 20}, {"dist": "cos", "nodes": {"col_nodes": [{"ini": 31, "group": [5.0, 3.0, 2.0, 2.0, 2.0, 2.0, 2.0, 2.0, 2.0, 1.0, 1.0], "clust": 6, "name": "ctx-lh-caudalanteriorcingulate", "rank": 23, "rankvar": 26}, {"ini": 30, "group": [23.0, 3.0, 2.0, 2.0, 2.0, 2.0, 2.0, 2.0, 2.0, 1.0, 1.0], "clust": 24, "name": "ctx-lh-caudalmiddlefrontal", "rank": 21, "rankvar": 30}, {"ini": 29, "group": [8.0, 3.0, 2.0, 2.0, 2.0, 2.0, 2.0, 2.0, 2.0, 1.0, 1.0], "clust": 9, "name": "ctx-lh-cuneus", "rank": 15, "rankvar": 11}, {"ini": 28, "group": [3.0, 3.0, 2.0, 2.0, 2.0, 2.0, 2.0, 2.0, 2.0, 1.0, 1.0], "clust": 3, "name": "ctx-lh-entorhinal", "rank": 9, "rankvar": 20}, {"ini": 27, "group": [18.0, 3.0, 2.0, 2.0, 2.0, 2.0, 2.0, 2.0, 2.0, 1.0, 1.0], "clust": 19, "name": "ctx-lh-fusiform", "rank": 22, "rankvar": 16}, {"ini": 26, "group": [24.0, 3.0, 2.0, 2.0, 2.0, 2.0, 2.0, 2.0, 2.0, 1.0, 1.0], "clust": 25, "name": "ctx-lh-inferiorparietal", "rank": 17, "rankvar": 27}, {"ini": 25, "group": [19.0, 3.0, 2.0, 2.0, 2.0, 2.0, 2.0, 2.0, 2.0, 1.0, 1.0], "clust": 20, "name": "ctx-lh-inferiortemporal", "rank": 12, "rankvar": 10}, {"ini": 24, "group": [11.0, 3.0, 2.0, 2.0, 2.0, 2.0, 2.0, 2.0, 2.0, 1.0, 1.0], "clust": 11, "name": "ctx-lh-isthmuscingulate", "rank": 24, "rankvar": 29}, {"ini": 23, "group": [1.0, 1.0, 1.0, 1.0, 1.0, 1.0, 1.0, 1.0, 1.0, 1.0, 1.0], "clust": 0, "name": "ctx-lh-lateraloccipital", "rank": 1, "rankvar": 3}, {"ini": 22, "group": [15.0, 3.0, 2.0, 2.0, 2.0, 2.0, 2.0, 2.0, 2.0, 1.0, 1.0], "clust": 15, "name": "ctx-lh-lateralorbitofrontal", "rank": 14, "rankvar": 1}, {"ini": 21, "group": [9.0, 3.0, 2.0, 2.0, 2.0, 2.0, 2.0, 2.0, 2.0, 1.0, 1.0], "clust": 10, "name": "ctx-lh-lingual", "rank": 18, "rankvar": 13}, {"ini": 20, "group": [12.0, 3.0, 2.0, 2.0, 2.0, 2.0, 2.0, 2.0, 2.0, 1.0, 1.0], "clust": 12, "name": "ctx-lh-medialorbitofrontal", "rank": 8, "rankvar": 17}, {"ini": 19, "group": [20.0, 3.0, 2.0, 2.0, 2.0, 2.0, 2.0, 2.0, 2.0, 1.0, 1.0], "clust": 18, "name": "ctx-lh-middletemporal", "rank": 10, "rankvar": 5}, {"ini": 18, "group": [4.0, 3.0, 2.0, 2.0, 2.0, 2.0, 2.0, 2.0, 2.0, 1.0, 1.0], "clust": 4, "name": "ctx-lh-parahippocampal", "rank": 25, "rankvar": 23}, {"ini": 17, "group": [13.0, 3.0, 2.0, 2.0, 2.0, 2.0, 2.0, 2.0, 2.0, 1.0, 1.0], "clust": 16, "name": "ctx-lh-paracentral", "rank": 30, "rankvar": 9}, {"ini": 16, "group": [26.0, 3.0, 2.0, 2.0, 2.0, 2.0, 2.0, 2.0, 2.0, 1.0, 1.0], "clust": 27, "name": "ctx-lh-parsopercularis", "rank": 28, "rankvar": 25}, {"ini": 15, "group": [17.0, 3.0, 2.0, 2.0, 2.0, 2.0, 2.0, 2.0, 2.0, 1.0, 1.0], "clust": 13, "name": "ctx-lh-parsorbitalis", "rank": 16, "rankvar": 7}, {"ini": 14, "group": [27.0, 3.0, 2.0, 2.0, 2.0, 2.0, 2.0, 2.0, 2.0, 1.0, 1.0], "clust": 28, "name": "ctx-lh-parstriangularis", "rank": 27, "rankvar": 22}, {"ini": 13, "group": [10.0, 3.0, 2.0, 2.0, 2.0, 2.0, 2.0, 2.0, 2.0, 1.0, 1.0], "clust": 8, "name": "ctx-lh-pericalcarine", "rank": 11, "rankvar": 15}, {"ini": 12, "group": [29.0, 3.0, 2.0, 2.0, 2.0, 2.0, 2.0, 2.0, 2.0, 1.0, 1.0], "clust": 29, "name": "ctx-lh-postcentral", "rank": 13, "rankvar": 2}, {"ini": 11, "group": [7.0, 3.0, 2.0, 2.0, 2.0, 2.0, 2.0, 2.0, 2.0, 1.0, 1.0], "clust": 5, "name": "ctx-lh-posteriorcingulate", "rank": 29, "rankvar": 19}, {"ini": 10, "group": [21.0, 3.0, 2.0, 2.0, 2.0, 2.0, 2.0, 2.0, 2.0, 1.0, 1.0], "clust": 21, "name": "ctx-lh-precentral", "rank": 4, "rankvar": 12}, {"ini": 9, "group": [30.0, 3.0, 2.0, 2.0, 2.0, 2.0, 2.0, 2.0, 2.0, 1.0, 1.0], "clust": 30, "name": "ctx-lh-precuneus", "rank": 26, "rankvar": 14}, {"ini": 8, "group": [6.0, 3.0, 2.0, 2.0, 2.0, 2.0, 2.0, 2.0, 2.0, 1.0, 1.0], "clust": 7, "name": "ctx-lh-rostralanteriorcingulate", "rank": 20, "rankvar": 8}, {"ini": 7, "group": [31.0, 4.0, 3.0, 3.0, 2.0, 2.0, 2.0, 2.0, 2.0, 1.0, 1.0], "clust": 2, "name": "ctx-lh-rostralmiddlefrontal", "rank": 2, "rankvar": 18}, {"ini": 6, "group": [2.0, 2.0, 1.0, 1.0, 1.0, 1.0, 1.0, 1.0, 1.0, 1.0, 1.0], "clust": 1, "name": "ctx-lh-superiorfrontal", "rank": 0, "rankvar": 6}, {"ini": 5, "group": [25.0, 3.0, 2.0, 2.0, 2.0, 2.0, 2.0, 2.0, 2.0, 1.0, 1.0], "clust": 23, "name": "ctx-lh-superiorparietal", "rank": 5, "rankvar": 24}, {"ini": 4, "group": [28.0, 3.0, 2.0, 2.0, 2.0, 2.0, 2.0, 2.0, 2.0, 1.0, 1.0], "clust": 26, "name": "ctx-lh-superiortemporal", "rank": 19, "rankvar": 21}, {"ini": 3, "group": [22.0, 3.0, 2.0, 2.0, 2.0, 2.0, 2.0, 2.0, 2.0, 1.0, 1.0], "clust": 22, "name": "ctx-lh-supramarginal", "rank": 7, "rankvar": 28}, {"ini": 2, "group": [14.0, 3.0, 2.0, 2.0, 2.0, 2.0, 2.0, 2.0, 2.0, 1.0, 1.0], "clust": 17, "name": "ctx-lh-transversetemporal", "rank": 6, "rankvar": 4}, {"ini": 1, "group": [16.0, 3.0, 2.0, 2.0, 2.0, 2.0, 2.0, 2.0, 2.0, 1.0, 1.0], "clust": 14, "name": "ctx-lh-insula", "rank": 3, "rankvar": 0}], "row_nodes": [{"ini": 10, "group": [6.0, 4.0, 2.0, 2.0, 2.0, 2.0, 1.0, 1.0, 1.0, 1.0, 1.0], "clust": 6, "name": "ctx-lh-parstriangularis", "rank": 9, "rankvar": 0}, {"ini": 9, "group": [8.0, 5.0, 2.0, 2.0, 2.0, 2.0, 1.0, 1.0, 1.0, 1.0, 1.0], "clust": 8, "name": "ctx-lh-precuneus", "rank": 8, "rankvar": 3}, {"ini": 8, "group": [7.0, 4.0, 2.0, 2.0, 2.0, 2.0, 1.0, 1.0, 1.0, 1.0, 1.0], "clust": 7, "name": "ctx-lh-parsopercularis", "rank": 7, "rankvar": 8}, {"ini": 7, "group": [5.0, 3.0, 1.0, 1.0, 1.0, 1.0, 1.0, 1.0, 1.0, 1.0, 1.0], "clust": 0, "name": "ctx-lh-paracentral", "rank": 6, "rankvar": 4}, {"ini": 6, "group": [3.0, 1.0, 1.0, 1.0, 1.0, 1.0, 1.0, 1.0, 1.0, 1.0, 1.0], "clust": 2, "name": "ctx-lh-parahippocampal", "rank": 5, "rankvar": 6}, {"ini": 5, "group": [1.0, 1.0, 1.0, 1.0, 1.0, 1.0, 1.0, 1.0, 1.0, 1.0, 1.0], "clust": 3, "name": "ctx-lh-posteriorcingulate", "rank": 4, "rankvar": 7}, {"ini": 4, "group": [10.0, 7.0, 3.0, 2.0, 2.0, 2.0, 1.0, 1.0, 1.0, 1.0, 1.0], "clust": 5, "name": "ctx-lh-fusiform", "rank": 3, "rankvar": 2}, {"ini": 3, "group": [2.0, 1.0, 1.0, 1.0, 1.0, 1.0, 1.0, 1.0, 1.0, 1.0, 1.0], "clust": 4, "name": "ctx-lh-isthmuscingulate", "rank": 2, "rankvar": 9}, {"ini": 2, "group": [9.0, 6.0, 2.0, 2.0, 2.0, 2.0, 1.0, 1.0, 1.0, 1.0, 1.0], "clust": 9, "name": "ctx-lh-caudalmiddlefrontal", "rank": 1, "rankvar": 1}, {"ini": 1, "group": [4.0, 2.0, 1.0, 1.0, 1.0, 1.0, 1.0, 1.0, 1.0, 1.0, 1.0], "clust": 1, "name": "ctx-lh-caudalanteriorcingulate", "rank": 0, "rankvar": 5}]}, "N_row_sum": 10}], "col_nodes": [{"ini": 31, "group": [13.0, 2.0, 2.0, 2.0, 2.0, 2.0, 2.0, 1.0, 1.0, 1.0, 1.0], "clust": 11, "name": "ctx-lh-caudalanteriorcingulate", "rank": 21, "rankvar": 14}, {"ini": 30, "group": [22.0, 2.0, 2.0, 2.0, 2.0, 2.0, 2.0, 1.0, 1.0, 1.0, 1.0], "clust": 25, "name": "ctx-lh-caudalmiddlefrontal", "rank": 22, "rankvar": 6}, {"ini": 29, "group": [8.0, 2.0, 2.0, 2.0, 2.0, 2.0, 2.0, 1.0, 1.0, 1.0, 1.0], "clust": 8, "name": "ctx-lh-cuneus", "rank": 11, "rankvar": 15}, {"ini": 28, "group": [6.0, 2.0, 2.0, 2.0, 2.0, 2.0, 2.0, 1.0, 1.0, 1.0, 1.0], "clust": 6, "name": "ctx-lh-entorhinal", "rank": 10, "rankvar": 21}, {"ini": 27, "group": [28.0, 2.0, 2.0, 2.0, 2.0, 2.0, 2.0, 1.0, 1.0, 1.0, 1.0], "clust": 28, "name": "ctx-lh-fusiform", "rank": 24, "rankvar": 7}, {"ini": 26, "group": [23.0, 2.0, 2.0, 2.0, 2.0, 2.0, 2.0, 1.0, 1.0, 1.0, 1.0], "clust": 26, "name": "ctx-lh-inferiorparietal", "rank": 16, "rankvar": 4}, {"ini": 25, "group": [26.0, 2.0, 2.0, 2.0, 2.0, 2.0, 2.0, 1.0, 1.0, 1.0, 1.0], "clust": 29, "name": "ctx-lh-inferiortemporal", "rank": 17, "rankvar": 9}, {"ini": 24, "group": [10.0, 2.0, 2.0, 2.0, 2.0, 2.0, 2.0, 1.0, 1.0, 1.0, 1.0], "clust": 13, "name": "ctx-lh-isthmuscingulate", "rank": 23, "rankvar": 24}, {"ini": 23, "group": [1.0, 1.0, 1.0, 1.0, 1.0, 1.0, 1.0, 1.0, 1.0, 1.0, 1.0], "clust": 1, "name": "ctx-lh-lateraloccipital", "rank": 1, "rankvar": 28}, {"ini": 22, "group": [15.0, 2.0, 2.0, 2.0, 2.0, 2.0, 2.0, 1.0, 1.0, 1.0, 1.0], "clust": 16, "name": "ctx-lh-lateralorbitofrontal", "rank": 15, "rankvar": 0}, {"ini": 21, "group": [9.0, 2.0, 2.0, 2.0, 2.0, 2.0, 2.0, 1.0, 1.0, 1.0, 1.0], "clust": 9, "name": "ctx-lh-lingual", "rank": 19, "rankvar": 11}, {"ini": 20, "group": [7.0, 2.0, 2.0, 2.0, 2.0, 2.0, 2.0, 1.0, 1.0, 1.0, 1.0], "clust": 7, "name": "ctx-lh-medialorbitofrontal", "rank": 9, "rankvar": 13}, {"ini": 19, "group": [27.0, 2.0, 2.0, 2.0, 2.0, 2.0, 2.0, 1.0, 1.0, 1.0, 1.0], "clust": 30, "name": "ctx-lh-middletemporal", "rank": 14, "rankvar": 10}, {"ini": 18, "group": [12.0, 2.0, 2.0, 2.0, 2.0, 2.0, 2.0, 1.0, 1.0, 1.0, 1.0], "clust": 12, "name": "ctx-lh-parahippocampal", "rank": 26, "rankvar": 16}, {"ini": 17, "group": [14.0, 2.0, 2.0, 2.0, 2.0, 2.0, 2.0, 1.0, 1.0, 1.0, 1.0], "clust": 10, "name": "ctx-lh-paracentral", "rank": 27, "rankvar": 12}, {"ini": 16, "group": [20.0, 2.0, 2.0, 2.0, 2.0, 2.0, 2.0, 1.0, 1.0, 1.0, 1.0], "clust": 22, "name": "ctx-lh-parsopercularis", "rank": 28, "rankvar": 19}, {"ini": 15, "group": [17.0, 2.0, 2.0, 2.0, 2.0, 2.0, 2.0, 1.0, 1.0, 1.0, 1.0], "clust": 15, "name": "ctx-lh-parsorbitalis", "rank": 12, "rankvar": 1}, {"ini": 14, "group": [21.0, 2.0, 2.0, 2.0, 2.0, 2.0, 2.0, 1.0, 1.0, 1.0, 1.0], "clust": 23, "name": "ctx-lh-parstriangularis", "rank": 30, "rankvar": 2}, {"ini": 13, "group": [4.0, 2.0, 2.0, 2.0, 2.0, 2.0, 2.0, 1.0, 1.0, 1.0, 1.0], "clust": 4, "name": "ctx-lh-pericalcarine", "rank": 8, "rankvar": 25}, {"ini": 12, "group": [29.0, 2.0, 2.0, 2.0, 2.0, 2.0, 2.0, 1.0, 1.0, 1.0, 1.0], "clust": 27, "name": "ctx-lh-postcentral", "rank": 13, "rankvar": 17}, {"ini": 11, "group": [11.0, 2.0, 2.0, 2.0, 2.0, 2.0, 2.0, 1.0, 1.0, 1.0, 1.0], "clust": 14, "name": "ctx-lh-posteriorcingulate", "rank": 25, "rankvar": 18}, {"ini": 10, "group": [18.0, 2.0, 2.0, 2.0, 2.0, 2.0, 2.0, 1.0, 1.0, 1.0, 1.0], "clust": 19, "name": "ctx-lh-precentral", "rank": 5, "rankvar": 23}, {"ini": 9, "group": [24.0, 2.0, 2.0, 2.0, 2.0, 2.0, 2.0, 1.0, 1.0, 1.0, 1.0], "clust": 24, "name": "ctx-lh-precuneus", "rank": 29, "rankvar": 8}, {"ini": 8, "group": [16.0, 2.0, 2.0, 2.0, 2.0, 2.0, 2.0, 1.0, 1.0, 1.0, 1.0], "clust": 17, "name": "ctx-lh-rostralanteriorcingulate", "rank": 20, "rankvar": 5}, {"ini": 7, "group": [2.0, 1.0, 1.0, 1.0, 1.0, 1.0, 1.0, 1.0, 1.0, 1.0, 1.0], "clust": 2, "name": "ctx-lh-rostralmiddlefrontal", "rank": 2, "rankvar": 22}, {"ini": 6, "group": [3.0, 1.0, 1.0, 1.0, 1.0, 1.0, 1.0, 1.0, 1.0, 1.0, 1.0], "clust": 0, "name": "ctx-lh-superiorfrontal", "rank": 0, "rankvar": 30}, {"ini": 5, "group": [30.0, 2.0, 2.0, 2.0, 2.0, 2.0, 2.0, 1.0, 1.0, 1.0, 1.0], "clust": 18, "name": "ctx-lh-superiorparietal", "rank": 7, "rankvar": 3}, {"ini": 4, "group": [25.0, 2.0, 2.0, 2.0, 2.0, 2.0, 2.0, 1.0, 1.0, 1.0, 1.0], "clust": 21, "name": "ctx-lh-superiortemporal", "rank": 18, "rankvar": 20}, {"ini": 3, "group": [19.0, 2.0, 2.0, 2.0, 2.0, 2.0, 2.0, 1.0, 1.0, 1.0, 1.0], "clust": 20, "name": "ctx-lh-supramarginal", "rank": 6, "rankvar": 26}, {"ini": 2, "group": [5.0, 2.0, 2.0, 2.0, 2.0, 2.0, 2.0, 1.0, 1.0, 1.0, 1.0], "clust": 5, "name": "ctx-lh-transversetemporal", "rank": 4, "rankvar": 27}, {"ini": 1, "group": [31.0, 3.0, 2.0, 2.0, 2.0, 2.0, 2.0, 1.0, 1.0, 1.0, 1.0], "clust": 3, "name": "ctx-lh-insula", "rank": 3, "rankvar": 29}], "cat_colors": {"row": {}, "col": {}}, "mat": [[1.0, 0.4781728455340042, 0.6307737539186746, 0.5861958971401633, 0.5733615746799882, 0.3921541050476456, 0.47922592003487896, 0.7975992446767702, 0.0, 0.5872546901335726, 0.6365646066877193, 0.6702686132451494, 0.41274413333231563, 0.702119308263319, 0.7269479809032706, 0.541191349339296, 0.6121496781005779, 0.57705974382407, 0.6294310383864072, 0.4117799145076637, 0.8526121625988274, 0.25670583480609044, 0.5596235091309706, 0.8258173546521824, 0.0, -0.13980017156175029, 0.2658830569113322, 0.37591810198274045, 0.20155721849068908, 0.5234930554601013, 0.2677775376365281], [0.4781728455340042, 1.0, 0.3193774569541252, 0.2867852154575161, 0.5881107727348401, 0.8375837634238167, 0.5375115144770495, 0.39200009509554445, 0.0, 0.5264140524373251, 0.37116250630475056, 0.27517529117096684, 0.5598731803803388, 0.4801243215297283, 0.704358068499181, 0.8292840643379679, 0.5276839511942493, 0.7939608768466185, 0.3301033007088352, 0.5485127345627944, 0.5512956434668034, 0.5205268271017142, 0.7815467802232873, 0.4730333388787573, 0.22751416910505773, 0.0, 0.6107095170603024, 0.6984735393638389, 0.7086818853544045, 0.3807841423807755, 0.23524313945072017], [0.6307737539186746, 0.3193774569541252, 1.0, 0.5895973676542463, 0.46794281268111115, 0.4019476870586809, 0.38362731101733727, 0.7124711242108084, 0.0, 0.5334603457114668, 0.7508379645986105, 0.6037628078353374, 0.4571654956354747, 0.6355342393173412, 0.6623239766347296, 0.4878371220007566, 0.4734813507985398, 0.5275973099629724, 0.6378266120221928, 0.45838441779899464, 0.6484977820053173, 0.16881434820507712, 0.5267358517723081, 0.4966094807135901, 0.0, -0.3191735619633782, 0.30496449821326643, 0.4273988610231335, 0.14827780293487614, 0.3750706645785806, 0.15857525609821554], [0.5861958971401633, 0.2867852154575161, 0.5895973676542463, 1.0, 0.525942334474338, 0.21638923073100913, 0.6512072714242335, 0.6920097496286521, 0.0, 0.5431991212978364, 0.6099596627946942, 0.7432923770551159, 0.6232955091028326, 0.7093372742840762, 0.4545529392922367, 0.44642121478372254, 0.6891018127230588, 0.4385558653809827, 0.32692442464234106, 0.4243862764143598, 0.5755169373967026, 0.26049859534292463, 0.32296336076786236, 0.633531429224706, -0.1141340340600776, -0.1816302419963245, 0.0, 0.4639485602288954, 0.0, 0.24777512539513025, 0.28174663634059516], [0.5733615746799882, 0.5881107727348401, 0.46794281268111115, 0.525942334474338, 1.0, 0.6187311417882029, 0.8092066442597993, 0.6431813535842356, 0.0, 0.4990721998474207, 0.4849516923709819, 0.39906667247993, 0.7563732643542417, 0.6553896386310792, 0.5262723012021544, 0.6814192176085071, 0.47848154666929266, 0.608883010777108, 0.3722437882861871, 0.48141473477750907, 0.6708685664859916, 0.5485196428534241, 0.7256103399488804, 0.5665403189291744, 0.0, -0.1145299592454454, 0.5118078454184342, 0.7326888205190234, 0.6318818776980534, 0.305270020414558, 0.24864686590841778], [0.3921541050476456, 0.8375837634238167, 0.4019476870586809, 0.21638923073100913, 0.6187311417882029, 1.0, 0.5749654810664938, 0.3716890620693001, 0.12385801646532268, 0.5149870357776998, 0.43392244608648634, 0.20882070812727904, 0.5263833504897402, 0.3954670725008961, 0.5629351716041304, 0.7263248100042872, 0.3201554200774952, 0.7051865601495972, 0.4108339807545587, 0.5288094680590286, 0.46942614543036143, 0.4653435937379018, 0.8257024980775759, 0.36241712460306374, 0.16070778787452378, 0.0, 0.7288255763393026, 0.7209724092698058, 0.6608919833849477, 0.3708012996424501, 0.21045089131384176], [0.47922592003487896, 0.5375115144770495, 0.38362731101733727, 0.6512072714242335, 0.8092066442597993, 0.5749654810664938, 1.0, 0.5325480240811159, 0.0, 0.4110260327976124, 0.467380545050633, 0.4468739959127338, 0.8657560282679461, 0.609547189276926, 0.3545972294005859, 0.5806526227632348, 0.4808489189304115, 0.5228510316516994, 0.20491202076134363, 0.6028492272097297, 0.5265660976029422, 0.6544293984270625, 0.6237729472229527, 0.4863524983977041, 0.0, 0.0, 0.5664736837716778, 0.7191659866070852, 0.5867714349506851, 0.10728281555130148, 0.16229538207656757], [0.7975992446767702, 0.39200009509554445, 0.7124711242108084, 0.6920097496286521, 0.6431813535842356, 0.3716890620693001, 0.5325480240811159, 1.0, -0.12028380671471184, 0.5149150361974463, 0.7485416158370961, 0.6697907871266133, 0.4990209851687797, 0.8564012595619617, 0.7671733348499437, 0.5420733463602231, 0.567120364478223, 0.5415663635090717, 0.6960177435479273, 0.539689316121636, 0.8606982068143479, 0.32581833048268183, 0.6118658767470024, 0.7068184883761268, -0.1826660970816838, -0.2796343902349243, 0.29432157473587073, 0.5065959733129254, 0.2722599281115601, 0.4846675935231224, 0.3702569340663948], [0.0, 0.0, 0.0, 0.0, 0.0, 0.12385801646532268, 0.0, -0.12028380671471184, 1.0, 0.0, 0.14430014102870947, 0.0, 0.0, 0.0, 0.0, -0.20252697881066095, 0.20609314184948202, 0.0, -0.19432530164612904, -0.15505593718012367, -0.15250834615836295, -0.23298267842197595, 0.0, 0.16956742354468912, 0.6654768177330642, 0.6287442011213024, 0.38041904945680904, -0.19680060275068434, -0.14202079693752068, -0.3096411231909044, -0.65159404225157], [0.5872546901335726, 0.5264140524373251, 0.5334603457114668, 0.5431991212978364, 0.4990721998474207, 0.5149870357776998, 0.4110260327976124, 0.5149150361974463, 0.0, 1.0, 0.6017885297471877, 0.6579136184851725, 0.5249822016021289, 0.49479055845962194, 0.5850871795348942, 0.6417497657516125, 0.5260237463134645, 0.6921789946371597, 0.4500504080157415, 0.41042289996578485, 0.5495889870595764, 0.18049934772414633, 0.524379769175162, 0.7298438576925768, 0.24950583507561097, 0.0, 0.3278075856635321, 0.4404290391994037, 0.2069595596136845, 0.4778473467550175, 0.16658786374027001], [0.6365646066877193, 0.37116250630475056, 0.7508379645986105, 0.6099596627946942, 0.4849516923709819, 0.43392244608648634, 0.467380545050633, 0.7485416158370961, 0.14430014102870947, 0.6017885297471877, 1.0, 0.7246908898516755, 0.49170343659285476, 0.7245467353265869, 0.7258896526074444, 0.48489298368894573, 0.5970260826003762, 0.5484728159186313, 0.6685028721982315, 0.6424522546671289, 0.6350467372717223, 0.28402052854706605, 0.596577119741581, 0.6509968755509203, 0.0, -0.21560672513602852, 0.3735684701314743, 0.3596673699478552, 0.2014970816918935, 0.4482709239143867, 0.12468019398242247], [0.6702686132451494, 0.27517529117096684, 0.6037628078353374, 0.7432923770551159, 0.39906667247993, 0.20882070812727904, 0.4468739959127338, 0.6697907871266133, 0.0, 0.6579136184851725, 0.7246908898516755, 1.0, 0.3971389384663585, 0.5947958613597252, 0.5207358254325573, 0.41765445351516717, 0.5276797323465879, 0.4921120183812243, 0.507316497326972, 0.3906186224810715, 0.5737341707107926, 0.14607283378807134, 0.3844631275176379, 0.7571879179767598, 0.0, 0.0, 0.20579180104781847, 0.32192951590509533, 0.0, 0.2023926212627758, 0.20044894742791186], [0.41274413333231563, 0.5598731803803388, 0.4571654956354747, 0.6232955091028326, 0.7563732643542417, 0.5263833504897402, 0.8657560282679461, 0.4990209851687797, 0.0, 0.5249822016021289, 0.49170343659285476, 0.3971389384663585, 1.0, 0.5715365096519839, 0.41505294907289203, 0.6350388368475031, 0.5458853180562525, 0.5444666846942258, 0.17814189961264915, 0.6285846574830726, 0.5225364746163499, 0.5326929174101934, 0.5770062737622064, 0.4848089092586507, 0.0, -0.11419085563807974, 0.4751774490276055, 0.6357059510060559, 0.5453519554248918, 0.20731567049608324, 0.0], [0.702119308263319, 0.4801243215297283, 0.6355342393173412, 0.7093372742840762, 0.6553896386310792, 0.3954670725008961, 0.609547189276926, 0.8564012595619617, 0.0, 0.49479055845962194, 0.7245467353265869, 0.5947958613597252, 0.5715365096519839, 1.0, 0.7890349751407641, 0.606689151998237, 0.7641563628994317, 0.6614491080725851, 0.5737622401729788, 0.6195031526371275, 0.7746120703242232, 0.3461315959023892, 0.5568607718934945, 0.6751333159246591, 0.0, -0.24048044644212307, 0.2880110390408612, 0.5342349861942318, 0.3810055256682101, 0.4844467663688007, 0.35964587103158197], [0.7269479809032706, 0.704358068499181, 0.6623239766347296, 0.4545529392922367, 0.5262723012021544, 0.5629351716041304, 0.3545972294005859, 0.7671733348499437, 0.0, 0.5850871795348942, 0.7258896526074444, 0.5207358254325573, 0.41505294907289203, 0.7890349751407641, 1.0, 0.7032585660027793, 0.6590135215279399, 0.7548034056911018, 0.731356112366014, 0.585788688681309, 0.7596736827158163, 0.3152806845276295, 0.7282755477774131, 0.662711831702179, 0.0, -0.1666720181629584, 0.40561553076168366, 0.48220882062059855, 0.38396858946508994, 0.6196475925142774, 0.3618852050084125], [0.541191349339296, 0.8292840643379679, 0.4878371220007566, 0.44642121478372254, 0.6814192176085071, 0.7263248100042872, 0.5806526227632348, 0.5420733463602231, -0.20252697881066095, 0.6417497657516125, 0.48489298368894573, 0.41765445351516717, 0.6350388368475031, 0.606689151998237, 0.7032585660027793, 1.0, 0.5701154803991424, 0.9255004679133277, 0.4869769963539514, 0.6058387599114615, 0.6314948541500474, 0.51831161763573, 0.7613620126497839, 0.5346301540499009, 0.1134352500117537, -0.2773585275827015, 0.4398996618680334, 0.8287460304206898, 0.6854329617435345, 0.583828240244909, 0.4252268287880746], [0.6121496781005779, 0.5276839511942493, 0.4734813507985398, 0.6891018127230588, 0.47848154666929266, 0.3201554200774952, 0.4808489189304115, 0.567120364478223, 0.20609314184948202, 0.5260237463134645, 0.5970260826003762, 0.5276797323465879, 0.5458853180562525, 0.7641563628994317, 0.6590135215279399, 0.5701154803991424, 1.0, 0.6551515830693571, 0.2771441987389287, 0.429858480769434, 0.5695066551608833, 0.19410905741464612, 0.37558618141800704, 0.7007644634745649, 0.26135240911811586, 0.0, 0.19106812767303438, 0.38502681639999836, 0.21229463805862125, 0.4401540143193621, 0.0], [0.57705974382407, 0.7939608768466185, 0.5275973099629724, 0.4385558653809827, 0.608883010777108, 0.7051865601495972, 0.5228510316516994, 0.5415663635090717, 0.0, 0.6921789946371597, 0.5484728159186313, 0.4921120183812243, 0.5444666846942258, 0.6614491080725851, 0.7548034056911018, 0.9255004679133277, 0.6551515830693571, 1.0, 0.5180022145616058, 0.5671818955579367, 0.6225329503731755, 0.3838853512306999, 0.7192523840374282, 0.5842811347258644, 0.2963148865995091, -0.13644002058859872, 0.4736056667439683, 0.7510571809265894, 0.5557738356085213, 0.5469633821397519, 0.357804670015607], [0.6294310383864072, 0.3301033007088352, 0.6378266120221928, 0.32692442464234106, 0.3722437882861871, 0.4108339807545587, 0.20491202076134363, 0.6960177435479273, -0.19432530164612904, 0.4500504080157415, 0.6685028721982315, 0.507316497326972, 0.17814189961264915, 0.5737622401729788, 0.731356112366014, 0.4869769963539514, 0.2771441987389287, 0.5180022145616058, 1.0, 0.39681526925638955, 0.6142381723403839, 0.0, 0.5839275215487556, 0.4782153950258403, -0.19807669791910554, -0.4249554666855526, 0.19112886969547338, 0.3384582902875235, 0.13837195109388722, 0.6118900909979437, 0.5551158241293154], [0.4117799145076637, 0.5485127345627944, 0.45838441779899464, 0.4243862764143598, 0.48141473477750907, 0.5288094680590286, 0.6028492272097297, 0.539689316121636, -0.15505593718012367, 0.41042289996578485, 0.6424522546671289, 0.3906186224810715, 0.6285846574830726, 0.6195031526371275, 0.585788688681309, 0.6058387599114615, 0.429858480769434, 0.5671818955579367, 0.39681526925638955, 1.0, 0.5888908115341863, 0.7464003449454505, 0.6581936879976975, 0.3924451923251149, -0.17387667680278285, -0.2434202737519371, 0.5205826559477401, 0.5886289792190702, 0.6605370770381152, 0.2968820609602443, 0.2043164636215501], [0.8526121625988274, 0.5512956434668034, 0.6484977820053173, 